0
74
98 345
138 385
178 425
218 464
258 503
267 385
307 424
228 345
189 305
149 266
108 266
67 266
29 266
58 345
28 345
225 194
256 231
296 270
336 310
376 350
416 388
193 157
153 127
70 127
29 127
340 160
379 200
418 240
457 280
496 320
535 359
298 541
337 573
378 573
419 573
460 573
501 573
575 397
542 573
583 573
577 532
577 491
301 127
29 225
29 184
29 143
28 385
67 424
108 463
148 501
188 540
224 573
418 127
458 166
498 205
538 244
578 283
618 323
544 127
584 166
623 205
663 244
703 205
743 166
624 573
656 533
695 493
735 454
774 414
28 494
66 533
104 573
770 127
112 127
1
360 505 139 200
2